0.8350515463917526
0.8247422680412371
0.8350515463917526
0.8350515463917526
0.8350515463917526
0.8350515463917526
0.8350515463917526
0.8350515463917526
0.8350515463917526
0.8350515463917526
0.8350515463917526
0.8350515463917526
0.8350515463917526
0.8350515463917526
0.8350515463917526
0.845360824742268
0.845360824742268
0.845360824742268
0.845360824742268
0.845360824742268
0.845360824742268
0.845360824742268
0.845360824742268
0.845360824742268
0.845360824742268
0.845360824742268
0.845360824742268
0.845360824742268
0.845360824742268
0.8556701030927835
0.8556701030927835
0.8556701030927835
0.8556701030927835
0.8556701030927835
0.8556701030927835